
regParam: 0.0
Training time: 2.022340391 seconds
Coefficients: [-0.5571896181935355,-0.90211824600147,1.825472177042497,-0.2613858203361277,-0.9707480237390319,0.8230763349408793,1.204224656413383,5.16549673036457,-8.895488551539609,0.1624688760789198,3.1534798073872032,-6.773112631956294,9.741961899554703,1.6502466660588366,-4.232756608037894,-0.5726408155479299,-4.533818712051977,3.3647153886257812,2.9051865813067836,-2.461466548333828,0.8465239841682798] Intercept: 1.6254469637470597


regParam:0.00001
Training time: 1.686171603 seconds
Coefficients: [-0.21818320898634577,-0.15888158443025127,0.2386972026136359,0.15744856793640546,-0.4389041098546495,0.7804570789767452,0.08710700144103026,0.01891833110559477,-0.098505306204601,0.1796239182037126,0.18981160935000724,0.012326687548640265,-0.07628628646375418,-0.13753783498300234,0.0674284674353941,0.01645523700840185,-0.37698754585481764,0.1293079853265174,-0.06423052906699599,0.028595469763396553,0.3614376873732688] Intercept: 1.6170312968181908

regParam:0.001
Training time: 1.476587239 seconds
Coefficients: [-0.16201906041626365,-0.06333487898614909,0.22224117315546457,0.16208239027706586,-0.5050136618306192,0.7964490980507238,0.0,-3.877697746800867E-4,-0.01756726460407629,0.12591983957236555,0.10798411773052248,-0.02175898502077664,-0.04932152164333662,-0.09496053576659579,-0.012423873262279894,-0.08312172407353433,-0.23205057663655435,0.13128763959188974,-0.0501905392931845,-0.010749421929655561,0.44289242972344184] Intercept: 1.6152697784128602

regParam: 0.01
Training time: 0.670424843 seconds
Coefficients: [-0.06954976676914144,-0.007545852098469983,0.0,0.0,-0.02983705976728566,0.7851426960875335,0.0,0.0,0.0,0.0,0.0,0.0,0.0,-0.025098654212081985,0.0,0.0,0.0,0.008429704300927968,0.0,0.001329538864235643,0.011908389561192511] Intercept: 1.6067776747579827
